0: [0 1 36 37 360 361 396 397]
1: [2 3 38 39 362 363 398 399]
2: [4 5 40 41 364 365 400 401]
3: [6 7 42 43 366 367 402 403]
4: [8 9 44 45 368 369 404 405]
5: [10 11 46 47 370 371 406 407]
6: [12 13 48 49 372 373 408 409]
7: [14 15 50 51 374 375 410 411]
8: [16 17 52 53 376 377 412 413]
9: [18 19 54 55 378 379 414 415]
10: [20 21 56 57 380 381 416 417]
11: [22 23 58 59 382 383 418 419]
12: [24 25 60 61 384 385 420 421]
13: [26 27 62 63 386 387 422 423]
14: [28 29 64 65 388 389 424 425]
15: [30 31 66 67 390 391 426 427]
16: [32 33 68 69 392 393 428 429]
17: [34 35 70 71 394 395 430 431]
****************  18
18: [36 37 72 73 396 397 432 433]
19: [37 38 73 74 397 398 433 434]
20: [38 39 74 75 398 399 434 435]
21: [39 40 75 76 399 400 435 436]
22: [40 41 76 77 400 401 436 437]
23: [41 42 77 78 401 402 437 438]
24: [42 43 78 79 402 403 438 439]
25: [43 44 79 80 403 404 439 440]
26: [44 45 80 81 404 405 440 441]
27: [45 46 81 82 405 406 441 442]
28: [46 47 82 83 406 407 442 443]
29: [47 48 83 84 407 408 443 444]
30: [48 49 84 85 408 409 444 445]
31: [49 50 85 86 409 410 445 446]
32: [50 51 86 87 410 411 446 447]
33: [51 52 87 88 411 412 447 448]
34: [52 53 88 89 412 413 448 449]
35: [53 54 89 90 413 414 449 450]
36: [54 55 90 91 414 415 450 451]
37: [55 56 91 92 415 416 451 452]
38: [56 57 92 93 416 417 452 453]
39: [57 58 93 94 417 418 453 454]
40: [58 59 94 95 418 419 454 455]
41: [59 60 95 96 419 420 455 456]
42: [60 61 96 97 420 421 456 457]
43: [61 62 97 98 421 422 457 458]
44: [62 63 98 99 422 423 458 459]
45: [63 64 99 100 423 424 459 460]
46: [64 65 100 101 424 425 460 461]
47: [65 66 101 102 425 426 461 462]
48: [66 67 102 103 426 427 462 463]
49: [67 68 103 104 427 428 463 464]
50: [68 69 104 105 428 429 464 465]
51: [69 70 105 106 429 430 465 466]
52: [70 71 106 107 430 431 466 467]
53: [71 36 107 72 431 396 467 432]
****************  36
54: [72 73 108 109 432 433 468 469]
55: [73 74 109 110 433 434 469 470]
56: [74 75 110 111 434 435 470 471]
57: [75 76 111 112 435 436 471 472]
58: [76 77 112 113 436 437 472 473]
59: [77 78 113 114 437 438 473 474]
60: [78 79 114 115 438 439 474 475]
61: [79 80 115 116 439 440 475 476]
62: [80 81 116 117 440 441 476 477]
63: [81 82 117 118 441 442 477 478]
64: [82 83 118 119 442 443 478 479]
65: [83 84 119 120 443 444 479 480]
66: [84 85 120 121 444 445 480 481]
67: [85 86 121 122 445 446 481 482]
68: [86 87 122 123 446 447 482 483]
69: [87 88 123 124 447 448 483 484]
70: [88 89 124 125 448 449 484 485]
71: [89 90 125 126 449 450 485 486]
72: [90 91 126 127 450 451 486 487]
73: [91 92 127 128 451 452 487 488]
74: [92 93 128 129 452 453 488 489]
75: [93 94 129 130 453 454 489 490]
76: [94 95 130 131 454 455 490 491]
77: [95 96 131 132 455 456 491 492]
78: [96 97 132 133 456 457 492 493]
79: [97 98 133 134 457 458 493 494]
80: [98 99 134 135 458 459 494 495]
81: [99 100 135 136 459 460 495 496]
82: [100 101 136 137 460 461 496 497]
83: [101 102 137 138 461 462 497 498]
84: [102 103 138 139 462 463 498 499]
85: [103 104 139 140 463 464 499 500]
86: [104 105 140 141 464 465 500 501]
87: [105 106 141 142 465 466 501 502]
88: [106 107 142 143 466 467 502 503]
89: [107 72 143 108 467 432 503 468]
****************  36
90: [108 109 144 145 468 469 504 505]
91: [109 110 145 146 469 470 505 506]
92: [110 111 146 147 470 471 506 507]
93: [111 112 147 148 471 472 507 508]
94: [112 113 148 149 472 473 508 509]
95: [113 114 149 150 473 474 509 510]
96: [114 115 150 151 474 475 510 511]
97: [115 116 151 152 475 476 511 512]
98: [116 117 152 153 476 477 512 513]
99: [117 118 153 154 477 478 513 514]
100: [118 119 154 155 478 479 514 515]
101: [119 120 155 156 479 480 515 516]
102: [120 121 156 157 480 481 516 517]
103: [121 122 157 158 481 482 517 518]
104: [122 123 158 159 482 483 518 519]
105: [123 124 159 160 483 484 519 520]
106: [124 125 160 161 484 485 520 521]
107: [125 126 161 162 485 486 521 522]
108: [126 127 162 163 486 487 522 523]
109: [127 128 163 164 487 488 523 524]
110: [128 129 164 165 488 489 524 525]
111: [129 130 165 166 489 490 525 526]
112: [130 131 166 167 490 491 526 527]
113: [131 132 167 168 491 492 527 528]
114: [132 133 168 169 492 493 528 529]
115: [133 134 169 170 493 494 529 530]
116: [134 135 170 171 494 495 530 531]
117: [135 136 171 172 495 496 531 532]
118: [136 137 172 173 496 497 532 533]
119: [137 138 173 174 497 498 533 534]
120: [138 139 174 175 498 499 534 535]
121: [139 140 175 176 499 500 535 536]
122: [140 141 176 177 500 501 536 537]
123: [141 142 177 178 501 502 537 538]
124: [142 143 178 179 502 503 538 539]
125: [143 108 179 144 503 468 539 504]
****************  36
126: [144 145 180 181 504 505 540 541]
127: [145 146 181 182 505 506 541 542]
128: [146 147 182 183 506 507 542 543]
129: [147 148 183 184 507 508 543 544]
130: [148 149 184 185 508 509 544 545]
131: [149 150 185 186 509 510 545 546]
132: [150 151 186 187 510 511 546 547]
133: [151 152 187 188 511 512 547 548]
134: [152 153 188 189 512 513 548 549]
135: [153 154 189 190 513 514 549 550]
136: [154 155 190 191 514 515 550 551]
137: [155 156 191 192 515 516 551 552]
138: [156 157 192 193 516 517 552 553]
139: [157 158 193 194 517 518 553 554]
140: [158 159 194 195 518 519 554 555]
141: [159 160 195 196 519 520 555 556]
142: [160 161 196 197 520 521 556 557]
143: [161 162 197 198 521 522 557 558]
144: [162 163 198 199 522 523 558 559]
145: [163 164 199 200 523 524 559 560]
146: [164 165 200 201 524 525 560 561]
147: [165 166 201 202 525 526 561 562]
148: [166 167 202 203 526 527 562 563]
149: [167 168 203 204 527 528 563 564]
150: [168 169 204 205 528 529 564 565]
151: [169 170 205 206 529 530 565 566]
152: [170 171 206 207 530 531 566 567]
153: [171 172 207 208 531 532 567 568]
154: [172 173 208 209 532 533 568 569]
155: [173 174 209 210 533 534 569 570]
156: [174 175 210 211 534 535 570 571]
157: [175 176 211 212 535 536 571 572]
158: [176 177 212 213 536 537 572 573]
159: [177 178 213 214 537 538 573 574]
160: [178 179 214 215 538 539 574 575]
161: [179 144 215 180 539 504 575 540]
****************  36
162: [181 182 217 218 541 542 577 578]
163: [182 183 218 219 542 543 578 579]
164: [183 184 219 220 543 544 579 580]
165: [184 185 220 221 544 545 580 581]
166: [185 186 221 222 545 546 581 582]
167: [186 187 222 223 546 547 582 583]
168: [187 188 223 224 547 548 583 584]
169: [188 189 224 225 548 549 584 585]
170: [189 190 225 226 549 550 585 586]
171: [190 191 226 227 550 551 586 587]
172: [191 192 227 228 551 552 587 588]
173: [192 193 228 229 552 553 588 589]
174: [193 194 229 230 553 554 589 590]
175: [194 195 230 231 554 555 590 591]
176: [195 196 231 232 555 556 591 592]
177: [196 197 232 233 556 557 592 593]
178: [197 198 233 234 557 558 593 594]
179: [198 199 234 235 558 559 594 595]
180: [199 200 235 236 559 560 595 596]
181: [200 201 236 237 560 561 596 597]
182: [201 202 237 238 561 562 597 598]
183: [202 203 238 239 562 563 598 599]
184: [203 204 239 240 563 564 599 600]
185: [204 205 240 241 564 565 600 601]
186: [205 206 241 242 565 566 601 602]
187: [206 207 242 243 566 567 602 603]
188: [207 208 243 244 567 568 603 604]
189: [208 209 244 245 568 569 604 605]
190: [209 210 245 246 569 570 605 606]
191: [210 211 246 247 570 571 606 607]
192: [211 212 247 248 571 572 607 608]
193: [212 213 248 249 572 573 608 609]
194: [213 214 249 250 573 574 609 610]
195: [214 215 250 251 574 575 610 611]
196: [215 180 251 216 575 540 611 576]
****************  35
197: [144 145 180 181 288 289 324 325] 
198: [504 505 540 541 648 649 684 685] 
199: [145 146 181 182 289 290 325 326] 
200: [505 506 541 542 649 650 685 686] 
201: [146 147 182 183 290 291 326 327] 
202: [506 507 542 543 650 651 686 687] 
203: [147 148 183 184 291 292 327 328] 
204: [507 508 543 544 651 652 687 688] 
205: [148 149 184 185 292 293 328 329] 
206: [508 509 544 545 652 653 688 689] 
207: [149 150 185 186 293 294 329 330] 
208: [509 510 545 546 653 654 689 690] 
209: [150 151 186 187 294 295 330 331] 
210: [510 511 546 547 654 655 690 691] 
211: [151 152 187 188 295 296 331 332] 
212: [511 512 547 548 655 656 691 692] 
213: [152 153 188 189 296 297 332 333] 
214: [512 513 548 549 656 657 692 693] 
215: [153 154 189 190 297 298 333 334] 
216: [513 514 549 550 657 658 693 694] 
217: [154 155 190 191 298 299 334 335] 
218: [514 515 550 551 658 659 694 695] 
219: [155 156 191 192 299 300 335 336] 
220: [515 516 551 552 659 660 695 696] 
221: [156 157 192 193 300 301 336 337] 
222: [516 517 552 553 660 661 696 697] 
223: [157 158 193 194 301 302 337 338] 
224: [517 518 553 554 661 662 697 698] 
225: [158 159 194 195 302 303 338 339] 
226: [518 519 554 555 662 663 698 699] 
227: [159 160 195 196 303 304 339 340] 
228: [519 520 555 556 663 664 699 700] 
229: [160 161 196 197 304 305 340 341] 
230: [520 521 556 557 664 665 700 701] 
231: [161 162 197 198 305 306 341 342] 
232: [521 522 557 558 665 666 701 702] 
233: [162 163 198 199 306 307 342 343] 
234: [522 523 558 559 666 667 702 703] 
235: [163 164 199 200 307 308 343 344] 
236: [523 524 559 560 667 668 703 704] 
237: [164 165 200 201 308 309 344 345] 
238: [524 525 560 561 668 669 704 705] 
239: [165 166 201 202 309 310 345 346] 
240: [525 526 561 562 669 670 705 706] 
241: [166 167 202 203 310 311 346 347] 
242: [526 527 562 563 670 671 706 707] 
243: [167 168 203 204 311 312 347 348] 
244: [527 528 563 564 671 672 707 708] 
245: [168 169 204 205 312 313 348 349] 
246: [528 529 564 565 672 673 708 709] 
247: [169 170 205 206 313 314 349 350] 
248: [529 530 565 566 673 674 709 710] 
249: [170 171 206 207 314 315 350 351] 
250: [530 531 566 567 674 675 710 711] 
251: [171 172 207 208 315 316 351 352] 
252: [531 532 567 568 675 676 711 712] 
253: [172 173 208 209 316 317 352 353] 
254: [532 533 568 569 676 677 712 713] 
255: [173 174 209 210 317 318 353 354] 
256: [533 534 569 570 677 678 713 714] 
257: [174 175 210 211 318 319 354 355] 
258: [534 535 570 571 678 679 714 715] 
259: [175 176 211 212 319 320 355 356] 
260: [535 536 571 572 679 680 715 716] 
261: [176 177 212 213 320 321 356 357] 
262: [536 537 572 573 680 681 716 717] 
263: [177 178 213 214 321 322 357 358] 
264: [537 538 573 574 681 682 717 718] 
265: [178 179 214 215 322 323 358 359] 
266: [538 539 574 575 682 683 718 719] 
267: [179 144 215 180 323 288 359 324] 
268: [539 504 575 540 683 648 719 684] 
****************  72
269: [181 182 217 218 253 254 289 290] 
270: [541 542 577 578 613 614 649 650] 
271: [182 183 218 219 254 255 290 291] 
272: [542 543 578 579 614 615 650 651] 
273: [183 184 219 220 255 256 291 292] 
274: [543 544 579 580 615 616 651 652] 
275: [184 185 220 221 256 257 292 293] 
276: [544 545 580 581 616 617 652 653] 
277: [185 186 221 222 257 258 293 294] 
278: [545 546 581 582 617 618 653 654] 
279: [186 187 222 223 258 259 294 295] 
280: [546 547 582 583 618 619 654 655] 
281: [187 188 223 224 259 260 295 296] 
282: [547 548 583 584 619 620 655 656] 
283: [188 189 224 225 260 261 296 297] 
284: [548 549 584 585 620 621 656 657] 
285: [189 190 225 226 261 262 297 298] 
286: [549 550 585 586 621 622 657 658] 
287: [190 191 226 227 262 263 298 299] 
288: [550 551 586 587 622 623 658 659] 
289: [191 192 227 228 263 264 299 300] 
290: [551 552 587 588 623 624 659 660] 
291: [192 193 228 229 264 265 300 301] 
292: [552 553 588 589 624 625 660 661] 
293: [193 194 229 230 265 266 301 302] 
294: [553 554 589 590 625 626 661 662] 
295: [194 195 230 231 266 267 302 303] 
296: [554 555 590 591 626 627 662 663] 
297: [195 196 231 232 267 268 303 304] 
298: [555 556 591 592 627 628 663 664] 
299: [196 197 232 233 268 269 304 305] 
300: [556 557 592 593 628 629 664 665] 
301: [197 198 233 234 269 270 305 306] 
302: [557 558 593 594 629 630 665 666] 
303: [198 199 234 235 270 271 306 307] 
304: [558 559 594 595 630 631 666 667] 
305: [199 200 235 236 271 272 307 308] 
306: [559 560 595 596 631 632 667 668] 
307: [200 201 236 237 272 273 308 309] 
308: [560 561 596 597 632 633 668 669] 
309: [201 202 237 238 273 274 309 310] 
310: [561 562 597 598 633 634 669 670] 
311: [202 203 238 239 274 275 310 311] 
312: [562 563 598 599 634 635 670 671] 
313: [203 204 239 240 275 276 311 312] 
314: [563 564 599 600 635 636 671 672] 
315: [204 205 240 241 276 277 312 313] 
316: [564 565 600 601 636 637 672 673] 
317: [205 206 241 242 277 278 313 314] 
318: [565 566 601 602 637 638 673 674] 
319: [206 207 242 243 278 279 314 315] 
320: [566 567 602 603 638 639 674 675] 
321: [207 208 243 244 279 280 315 316] 
322: [567 568 603 604 639 640 675 676] 
323: [208 209 244 245 280 281 316 317] 
324: [568 569 604 605 640 641 676 677] 
325: [209 210 245 246 281 282 317 318] 
326: [569 570 605 606 641 642 677 678] 
327: [210 211 246 247 282 283 318 319] 
328: [570 571 606 607 642 643 678 679] 
329: [211 212 247 248 283 284 319 320] 
330: [571 572 607 608 643 644 679 680] 
331: [212 213 248 249 284 285 320 321] 
332: [572 573 608 609 644 645 680 681] 
333: [213 214 249 250 285 286 321 322] 
334: [573 574 609 610 645 646 681 682] 
335: [214 215 250 251 286 287 322 323] 
336: [574 575 610 611 646 647 682 683] 
337: [215 180 251 216 287 252 323 288] 
338: [575 540 611 576 647 612 683 648] 
****************  70
