0: [49.750323, -4.990523, -5.000000]
1: [59.000000, -3.000000, -5.000000]
2: [59.000000, 3.000000, -5.000000]
3: [49.750323, 4.990523, -5.000000]
4: [48.456871, 12.326055, -5.000000]
5: [56.467925, 17.360111, -5.000000]
6: [54.415804, 22.998266, -5.000000]
7: [45.043152, 21.705171, -5.000000]
8: [41.318805, 28.155929, -5.000000]
9: [47.124985, 35.626336, -5.000000]
10: [43.268259, 40.222602, -5.000000]
11: [34.903112, 35.801854, -5.000000]
12: [29.197082, 40.589782, -5.000000]
13: [32.098076, 49.595499, -5.000000]
14: [26.901924, 52.595499, -5.000000]
15: [20.553242, 45.580306, -5.000000]
16: [13.553759, 48.127909, -5.000000]
17: [13.199666, 57.582713, -5.000000]
18: [7.290819, 58.624602, -5.000000]
19: [3.724347, 49.861099, -5.000000]
20: [-3.724347, 49.861099, -5.000000]
21: [-7.290819, 58.624602, -5.000000]
22: [-13.199666, 57.582713, -5.000000]
23: [-13.553759, 48.127909, -5.000000]
24: [-20.553242, 45.580306, -5.000000]
25: [-26.901924, 52.595499, -5.000000]
26: [-32.098076, 49.595499, -5.000000]
27: [-29.197082, 40.589782, -5.000000]
28: [-34.903112, 35.801854, -5.000000]
29: [-43.268259, 40.222602, -5.000000]
30: [-47.124985, 35.626336, -5.000000]
31: [-41.318805, 28.155929, -5.000000]
32: [-45.043152, 21.705171, -5.000000]
33: [-54.415804, 22.998266, -5.000000]
34: [-56.467925, 17.360111, -5.000000]
35: [-48.456871, 12.326055, -5.000000]
36: [-49.750323, 4.990523, -5.000000]
37: [-59.000000, 3.000000, -5.000000]
38: [-59.000000, -3.000000, -5.000000]
39: [-49.750323, -4.990523, -5.000000]
40: [-48.456871, -12.326055, -5.000000]
41: [-56.467925, -17.360111, -5.000000]
42: [-54.415804, -22.998266, -5.000000]
43: [-45.043152, -21.705171, -5.000000]
44: [-41.318805, -28.155929, -5.000000]
45: [-47.124985, -35.626336, -5.000000]
46: [-43.268259, -40.222602, -5.000000]
47: [-34.903112, -35.801854, -5.000000]
48: [-29.197082, -40.589782, -5.000000]
49: [-32.098076, -49.595499, -5.000000]
50: [-26.901924, -52.595499, -5.000000]
51: [-20.553242, -45.580306, -5.000000]
52: [-13.553759, -48.127909, -5.000000]
53: [-13.199666, -57.582713, -5.000000]
54: [-7.290819, -58.624602, -5.000000]
55: [-3.724347, -49.861099, -5.000000]
56: [3.724347, -49.861099, -5.000000]
57: [7.290819, -58.624602, -5.000000]
58: [13.199666, -57.582713, -5.000000]
59: [13.553759, -48.127909, -5.000000]
60: [20.553242, -45.580306, -5.000000]
61: [26.901924, -52.595499, -5.000000]
62: [32.098076, -49.595499, -5.000000]
63: [29.197082, -40.589782, -5.000000]
64: [34.903112, -35.801854, -5.000000]
65: [43.268259, -40.222602, -5.000000]
66: [47.124985, -35.626336, -5.000000]
67: [41.318805, -28.155929, -5.000000]
68: [45.043152, -21.705171, -5.000000]
69: [54.415804, -22.998266, -5.000000]
70: [56.467925, -17.360111, -5.000000]
71: [48.456871, -12.326055, -5.000000]
